79508, 0
79508, 1
79508, 2
79508, 3
79508, 4
79508, 5
79508, 6
79508, 7
79508, 8
79508, 9
79509, 0
79509, 1
79509, 2
79509, 3
79509, 4
79509, 5
79509, 6
79509, 7
79509, 8
79509, 9
79510, 0
79510, 1
79510, 2
79510, 3
79510, 4
79510, 5
79510, 6
79510, 7
79510, 8
79510, 9
79511, 0
79511, 1
79511, 2
79511, 3
79511, 4
79511, 5
79511, 6
79511, 7
79511, 8
79511, 9
79512, 0
79512, 1
79512, 2
79512, 3
79512, 4
79512, 5
79512, 6
79512, 7
79512, 8
79512, 9
79513, 0
79513, 1
79513, 2
79513, 3
79513, 4
79513, 5
79513, 6
79513, 7
79513, 8
79513, 9
79514, 0
79514, 1
79514, 2
79514, 3
79514, 4
79514, 5
79514, 6
79514, 7
79514, 8
79514, 9
79515, 0
79515, 1
79515, 2
79515, 3
79515, 4
79515, 5
79515, 6
79515, 7
79515, 8
79515, 9
79516, 0
79516, 1
79516, 2
79516, 3
79516, 4
79516, 5
79516, 6
79516, 7
79516, 8
79516, 9
79522, 0
79522, 1
79522, 2
79522, 3
79522, 4
79522, 5
79522, 6
79522, 7
79522, 8
79522, 9
79523, 0
79523, 1
79523, 2
79523, 3
79523, 4
79523, 5
79523, 6
79523, 7
79523, 8
79523, 9
79524, 0
79524, 1
79524, 2
79524, 3
79524, 4
79524, 5
79524, 6
79524, 7
79524, 8
79524, 9
79525, 0
79525, 1
79525, 2
79525, 3
79525, 4
79525, 5
79525, 6
79525, 7
79525, 8
79525, 9
79526, 0
79526, 1
79526, 2
79526, 3
79526, 4
79526, 5
79526, 6
79526, 7
79526, 8
79526, 9
79527, 0
79527, 1
79527, 2
79527, 3
79527, 4
79527, 5
79527, 6
79527, 7
79527, 8
79527, 9
79528, 0
79528, 1
79528, 2
79528, 3
79528, 4
79528, 5
79528, 6
79528, 7
79528, 8
79528, 9
79529, 0
79529, 1
79529, 2
79529, 3
79529, 4
79529, 5
79529, 6
79529, 7
79529, 8
79529, 9
79530, 0
79530, 1
79530, 2
79530, 3
79530, 4
79530, 5
79530, 6
79530, 7
79530, 8
79530, 9
81558, 0
81558, 1
81558, 2
81558, 3
81558, 4
81558, 5
81558, 6
81558, 7
81558, 8
81558, 9
76905, 0
76905, 1
76905, 2
76905, 3
76905, 4
76905, 5
76905, 6
76905, 7
76905, 8
76905, 9
67785, 0
67785, 1
67785, 2
67785, 3
67785, 4
67785, 5
67785, 6
67785, 7
67785, 8
67785, 9
